x:

0, 0.51724138 , 1.03448276 , 1.55172414  ,2.06896552 , 2.5862069,3.10344828 , 3.62068966 , 4.13793103 , 4.65517241 , 5.17241379 , 5.68965517,6.20689655 , 6.72413793 , 7.24137931 , 7.75862069 , 
8.27586207 , 8.79310345, 9.31034483  ,9.82758621, 10.34482759 ,10.86206897, 11.37931034 ,11.89655172 ,12.4137931,  12.93103448, 13.44827586 ,13.96551724 ,14.48275862 ,15. 

y:

-0.12366481 , 0.39343242 , 0.69589821  ,1.07047613 , 1.01083822,  0.35538437, 0.02088939 ,-0.55061848 ,-0.97342215, -0.78464695 ,-1.06387392, -0.49624328, -0.0083354  , 0.46648867 , 0.88748841  ,
0.99072506 , 0.81850928  ,0.75253335, -0.02255656 ,-0.45168947 ,-0.73271503 ,-1.01000416 ,-1.01840085 ,-0.58811721,-0.19747223 , 0.24096807,  0.92567881 , 0.86663883 , 1.03184655 , 0.62118394

hist:

217, 57, 219, 13, 241, 5, 64, 116, 205, 218, 131, 243, 11, 65, 114, 212, 217, 182, 163, 182, 129, 190, 162, 185, 72, 228, 126, 187, 225, 120, 19, 49, 106, 118, 81, 192, 235, 149, 154, 72, 189, 32, 179, 
212, 94, 57, 53, 112, 188, 18, 15, 96, 107, 94, 226, 109, 23, 109, 31, 206, 231, 126, 29, 78, 41, 4, 27, 22, 126, 107, 225, 138, 29, 120, 130, 177, 42, 63, 219, 203, 234, 155, 217, 96, 99, 243, 172, 65, 175, 
45, 154, 212, 99, 239, 227, 172, 203, 153, 152, 81, 108, 205, 163, 126, 68, 238, 97, 19, 18, 115, 96, 78, 176, 160, 182, 155, 233, 242, 59, 148, 173, 168, 182, 172, 216, 19, 143, 38, 6, 29, 27, 184, 69, 200, 
206, 247, 202, 6, 28, 192, 200, 245, 172, 222, 102, 72, 4, 164, 66, 80, 19, 29, 74, 195, 230, 136, 82, 29, 35, 204, 73, 29, 196, 7, 54, 136, 239, 227, 80, 5, 213, 41, 175, 234, 98, 75, 213, 12, 70, 154, 113, 
244, 205, 166, 192, 224, 202, 177, 74, 237, 55, 87, 234, 191, 14, 41, 22, 137, 156, 32, 8, 56, 181, 187, 127, 241, 148, 7, 18, 24, 203, 15, 212, 221, 82, 145, 227, 112,  20, 205, 74, 72, 31, 215, 163, 151, 124, 
54, 122, 243, 95, 193, 244, 169, 45, 31, 149, 60, 215, 147, 232, 17, 47, 143, 67, 46, 47, 230, 13, 139, 246, 241, 223, 38, 110, 173, 119, 59, 16, 80, 170, 118, 63, 198, 32, 52, 143, 70, 68, 155, 121, 20, 56, 20, 
99, 176, 130, 86, 231, 76, 99, 105, 220, 207, 108, 221, 94, 135, 133, 33, 24, 213, 71, 6, 114, 146, 95, 224, 195, 30, 79, 113, 110, 68, 177, 214, 20, 150, 63, 167, 54, 157, 124, 147, 122, 47, 202, 83, 243, 116, 
189, 246, 65, 104, 91, 39, 190, 32, 181, 69, 200, 80, 93, 24, 216, 125, 71, 5, 214, 221, 194, 58, 45, 189, 113, 231, 128, 27, 159, 161, 227, 30, 178, 71, 32, 161, 222, 199, 6, 92, 104, 27, 225, 250, 128, 236, 209, 
213, 147, 158, 176, 74, 202, 202, 119, 191, 69, 173, 100, 143, 178, 165, 85, 80, 28, 212, 225, 159, 37, 20, 29, 36, 188, 148, 49, 84, 135, 32, 214, 176, 208, 141, 51, 118, 111, 154, 114, 193, 19, 101, 16, 212, 214, 
64, 70, 199, 78, 10, 132, 16, 26, 228, 69, 138, 154, 199, 29, 168, 34, 15, 42, 239, 59, 174, 239, 192, 13, 182, 185, 29, 62, 182, 82, 160, 73, 70, 226, 127, 71, 78, 36, 129, 123, 22, 33, 113, 33, 19, 186, 28, 174, 
49, 194, 107, 68, 242, 112, 228, 228, 37, 114, 156, 220, 124, 78, 40, 185, 142, 16, 57, 239, 91, 177, 176, 174, 150, 52, 35, 9, 123, 248, 41, 53, 144, 132, 158, 81, 6, 218, 161, 224, 207, 161, 245, 44, 32, 182, 67, 
225, 114, 99, 190, 159, 182, 230, 206, 223, 99, 14, 179, 29, 121, 114, 28, 3, 7, 227, 245, 124, 45, 29, 34, 201, 111, 71, 232, 184, 115, 175, 35, 248, 145, 95, 237, 193, 62, 156, 219, 199, 128, 18, 174, 87, 227, 239, 
246, 104, 81, 199, 175, 9, 30, 193, 202, 23, 12, 206, 61, 41, 117, 127, 30, 90, 202, 17, 27, 12, 66, 95, 211, 29, 168, 177, 49, 249, 210, 11, 229, 208, 48, 14, 55, 114, 24, 213, 213, 224, 43, 191, 12, 12, 107, 40, 128,
 153, 219, 150, 130, 223, 116, 174, 22, 250, 120, 185, 51, 117, 54, 195, 118, 171, 67, 190, 233, 9, 130, 222, 162, 21, 183, 18, 227, 72, 86, 140, 163, 154, 152, 16, 145, 153, 166, 160, 135, 207, 205, 190, 43, 167, 90, 
63, 109, 105, 26, 77, 164, 235, 244, 26, 177, 10, 214, 40, 167, 210, 187, 104, 243, 198, 160, 122, 58, 146, 102, 211, 203, 15, 130, 92, 224, 219, 163, 236, 185, 173, 11, 5, 145, 144, 199, 124, 43, 90, 248, 88, 70, 185, 
49, 93, 34, 72, 246, 147, 214, 219, 71, 146, 196, 120, 57, 98, 83, 20, 244, 3, 110, 187, 50, 113, 193, 99, 128, 63, 231, 241, 188, 87, 79, 172, 22, 157, 226, 9, 204, 240, 130, 185, 32, 182, 124, 32, 160, 107, 213, 89, 
87, 158, 97, 9, 141, 177, 228, 248, 96, 135, 230, 44, 83, 209, 55, 65, 243, 163, 184, 43, 39, 67, 4, 8, 186, 155, 249, 15, 118, 183, 34, 143, 155, 149, 210, 124, 236, 94, 250, 105, 215, 245, 246, 201, 77, 44, 127, 134,
 93, 97, 3, 37, 140, 92, 130, 195, 215, 21, 186, 111, 208, 108, 135, 166, 235, 172, 206, 88, 19, 69, 25, 42, 90, 128, 182, 196, 25, 38, 108, 25, 227, 194, 95, 49, 119, 128, 56, 4, 144, 32, 202, 86, 139, 85, 59, 115, 49, 
187, 151, 61, 189, 179, 242, 93, 139, 68, 216, 116, 21, 67, 158, 180, 152, 130, 76, 234, 235, 33, 209, 26, 154, 90, 122, 60, 232, 11, 72, 70, 238, 28, 162, 167, 196, 52, 115, 147, 136, 58, 81, 180, 230, 177, 95, 141, 154, 
43, 111, 175, 13, 175, 119, 38, 249, 199, 73, 109, 124, 8, 213, 95, 15, 242, 51, 246, 63, 45, 203, 171, 227, 103, 241, 44, 228, 81, 121, 49, 5, 65, 235, 249, 100, 135, 84, 208, 30, 129, 250, 82, 61, 221, 134, 63, 36, 172, 
189, 221, 58, 242, 136, 55, 131, 141, 224, 240, 124119, 226, 15, 143, 250, 141, 202, 218, 203, 236, 243, 202, 182, 250, 244, 160, 211, 107, 205, 34, 203, 242, 147, 62, 168, 166, 185, 204, 167, 52, 30, 44, 7, 222, 245, 176,
 231, 172, 162, 12, 173, 92, 153, 30, 119, 175, 70, 192, 225, 200

